0	2000	7	1
1	1995	4	1
2	1996	1	1
3	1996	7	1
4	1996	9	1
5	1997	8	1
6	1997	8	1
7	1997	12	1
8	1997	12	1
9	1997	12	1
10	1997	12	1
11	1997	2	1
12	1997	2	1
13	1997	5	1
14	1997	5	1
15	1997	11	1
16	1997	11	1
17	1997	11	1
18	1997	11	1
19	1997	11	1
20	1997	10	1
21	1997	10	1
22	1998	4	1
23	1998	8	1
24	1998	8	1
25	1998	8	1
26	1998	8	1
27	1998	12	1
28	1998	12	1
29	1998	12	1
30	1998	2	1
31	1998	2	1
32	1998	2	1
33	1998	2	1
34	1998	2	1
35	1998	2	1
36	1998	1	1
37	1998	1	1
38	1998	1	1
39	1998	1	1
40	1998	7	1
41	1998	7	1
42	1998	7	1
43	1998	7	1
44	1998	6	1
45	1998	6	1
46	1998	6	1
47	1998	6	1
48	1998	6	1
49	1998	3	1
50	1998	3	1
51	1998	3	1
52	1998	5	1
53	1998	5	1
54	1998	11	1
55	1998	9	1
56	1999	4	1
57	1999	4	1
58	1999	4	1
59	1999	8	1
60	1999	8	1
61	1999	8	1
62	1999	8	1
63	1999	8	1
64	1999	8	1
65	1999	8	1
66	1999	8	1
67	1999	8	1
68	1999	8	1
69	1999	12	1
70	1999	12	1
71	1999	12	1
72	1999	12	1
73	1999	12	1
74	1999	2	1
75	1999	2	1
76	1999	2	1
77	1999	2	1
78	1999	2	1
79	1999	1	
80	1999	1	1
81	1999	1	1
82	1999	1	1
83	1999	1	1
84	1999	1	1
85	1999	7	1
86	1999	7	1
87	1999	7	1
88	1999	7	1
89	1999	7	1
90	1999	7	1
91	1999	7	1
92	1999	7	1
93	1999	7	1
94	1999	7	1
95	1999	7	1
96	1999	7	1
97	1999	7	1
98	1999	7	1
99	1999	7	1
100	1999	7	1
101	1999	7	1
102	1999	7	1
103	1999	7	1
104	1999	7	1
105	1999	7	1
106	1999	7	1
107	1999	6	1
108	1999	6	1
109	1999	6	1
110	1999	3	1
111	1999	3	1
112	1999	3	1
113	1999	3	1
114	1999	3	1
115	1999	3	1
116	1999	3	1
117	1999	3	1
118	1999	5	1
119	1999	5	1
120	1999	11	1
121	1999	11	1
122	1999	11	1
123	1999	11	1
124	1999	10	1
125	1999	9	1
126	1999	9	1
127	1999	9	1
128	1999	9	1
129	1999	9	1
130	1999	9	1
131	2000	4	1
132	2000	4	1
133	2000	4	1
134	2000	4	1
135	2000	4	1
136	2000	8	1
137	2000	8	1
138	2000	8	1
139	2000	8	1
140	2000	8	1
141	2000	8	1
142	2000	8	1
143	2000	8	1
144	2000	8	1
145	2000	8	1
146	2000	12	1
147	2000	12	1
148	2000	12	1
149	2000	12	1
150	2000	12	1
151	2000	12	1
152	2000	12	1
153	2000	12	1
154	2000	12	1
155	2000	12	1
156	2000	12	1
157	2000	12	1
158	2000	12	1
159	2000	12	1
160	2000	12	1
161	2000	12	1
162	2000	12	1
163	2000	12	1
164	2000	12	1
165	2000	12	1
166	2000	12	1
167	2000	12	1
168	2000	12	1
169	2000	12	1
170	2000	12	1
171	2000	12	1
172	2000	12	1
173	2000	2	1
174	2000	2	1
175	2000	2	1
176	2000	2	1
177	2000	2	1
178	2000	1	1
179	2000	1	1
180	2000	1	1
181	2000	1	1
182	2000	1	1
183	2000	1	1
184	2000	7	1
185	2000	7	1
186	2000	7	1
187	2000	7	1
188	2000	7	1
189	2000	7	1
190	2000	7	1
191	2000	7	1
192	2000	7	1
193	2000	7	1
194	2000	7	1
195	2000	7	1
196	2000	7	1
197	2000	6	1
198	2000	6	1
199	2000	6	1
200	2000	6	1
201	2000	6	1
202	2000	6	1
203	2000	6	1
204	2000	6	1
205	2000	6	1
206	2000	3	1
207	2000	3	1
208	2000	3	1
209	2000	3	1
210	2000	3	1
211	2000	3	1
212	2000	3	1
213	2000	5	1
214	2000	5	1
215	2000	5	1
216	2000	5	1
217	2000	5	1
218	2000	5	1
219	2000	5	1
220	2000	11	1
221	2000	11	1
222	2000	11	1
223	2000	11	1
224	2000	11	1
225	2000	11	1
226	2000	11	1
227	2000	11	1
228	2000	11	1
229	2000	11	1
230	2000	11	1
231	2000	11	1
232	2000	11	1
233	2000	11	1
234	2000	11	1
235	2000	11	1
236	2000	10	1
237	2000	10	1
238	2000	10	1
239	2000	10	1
240	2000	10	1
241	2000	10	1
242	2000	10	1
243	2000	10	1
244	2000	10	1
245	2000	10	1
246	2000	10	1
247	2000	10	1
248	2000	10	1
249	2000	10	1
250	2000	10	1
251	2000	10	1
252	2000	10	1
253	2000	10	1
254	2000	9	1
255	2000	9	1
256	2000	9	1
257	2000	9	1
258	2000	9	1
259	2000	9	1
260	2000	9	1
261	2000	9	1
262	2000	9	1
263	2000	9	1
264	2000	9	1
265	2000	9	1
266	2000	9	1
267	2000	9	1
268	2000	9	1
269	2000	9	1
270	2001	4	1
271	2001	4	1
272	2001	4	1
273	2001	4	1
274	2001	4	1
275	2001	4	1
276	2001	4	1
277	2001	4	1
278	2001	4	1
279	2001	4	1
280	2001	4	1
281	2001	8	1
282	2001	8	1
283	2001	8	1
284	2001	8	1
285	2001	8	1
286	2001	12	1
287	2001	12	1
288	2001	12	1
289	2001	12	1
290	2001	12	1
291	2001	12	1
292	2001	12	1
293	2001	12	1
294	2001	12	1
295	2001	12	1
296	2001	12	1
297	2001	12	1
298	2001	12	1
299	2001	12	1
300	2001	2	1
301	2001	2	1
302	2001	2	1
303	2001	2	1
304	2001	2	1
305	2001	2	1
306	2001	1	1
307	2001	1	1
308	2001	1	1
309	2001	1	1
310	2001	1	1
311	2001	1	1
312	2001	1	1
313	2001	1	1
314	2001	1	1
315	2001	1	1
316	2001	1	1
317	2001	7	1
318	2001	7	1
319	2001	7	1
320	2001	7	1
321	2001	7	1
322	2001	6	1
323	2001	6	1
324	2001	6	1
325	2001	6	1
326	2001	6	1
327	2001	3	1
328	2001	3	1
329	2001	3	1
330	2001	3	1
331	2001	3	1
332	2001	3	1
333	2001	3	1
334	2001	3	1
335	2001	3	1
336	2001	3	1
337	2001	3	1
338	2001	3	1
339	2001	3	1
340	2001	3	1
341	2001	3	1
342	2001	3	1
343	2001	5	1
344	2001	5	1
345	2001	5	1
346	2001	5	1
347	2001	5	1
348	2001	5	1
349	2001	5	1
350	2001	5	1
351	2001	5	1
352	2001	5	1
353	2001	5	1
354	2001	5	1
355	2001	5	1
356	2001	11	1
357	2001	11	1
358	2001	11	1
359	2001	11	1
360	2001	11	1
361	2001	11	1
362	2001	11	1
363	2001	11	1
364	2001	11	1
365	2001	11	1
366	2001	11	1
367	2001	11	1
368	2001	11	1
369	2001	10	1
370	2001	10	1
371	2001	10	1
372	2001	10	1
373	2001	10	1
374	2001	10	1
375	2001	10	1
376	2001	10	1
377	2001	10	1
378	2001	10	1
379	2001	10	1
380	2001	10	1
381	2001	10	1
382	2001	10	1
383	2001	10	1
384	2001	10	1
385	2001	10	1
386	2001	10	1
387	2001	10	1
388	2001	10	1
389	2001	10	1
390	2001	10	1
391	2001	10	1
392	2001	10	1
393	2001	10	1
394	2001	10	1
395	2001	10	1
396	2001	10	1
397	2001	10	1
398	2001	10	1
399	2001	10	1
400	2001	10	1
401	2001	10	1
402	2001	10	1
403	2001	10	1
404	2001	10	1
405	2001	10	1
406	2001	9	1
407	2001	9	1
408	2001	9	1
409	2001	9	1
410	2001	9	1
411	2001	9	1
412	2001	9	1
413	2001	9	1
414	2002	4	1
415	2002	4	1
416	2002	4	1
417	2002	4	1
418	2002	4	1
419	2002	4	1
420	2002	8	1
421	2002	8	1
422	2002	8	1
423	2002	8	1
424	2002	8	1
425	2002	8	1
426	2002	8	1
427	2002	8	1
428	2002	8	1
429	2002	8	1
430	2002	8	1
431	2002	12	1
432	2002	12	1
433	2002	12	1
434	2002	12	1
435	2002	12	1
436	2002	12	1
437	2002	12	1
438	2002	12	1
439	2002	12	1
440	2002	12	1
441	2002	12	1
442	2002	12	1
443	2002	12	1
444	2002	12	1
445	2002	12	1
446	2002	12	1
447	2002	12	1
448	2002	12	1
449	2002	12	1
450	2002	12	1
451	2002	12	1
452	2002	2	1
453	2002	2	1
454	2002	2	1
455	2002	2	1
456	2002	2	1
457	2002	2	1
458	2002	2	1
459	2002	2	1
460	2002	2	1
461	2002	1	1
462	2002	1	1
463	2002	1	1
464	2002	1	1
465	2002	1	1
466	2002	1	1
467	2002	1	1
468	2002	1	1
469	2002	1	1
470	2002	1	1
471	2002	7	1
472	2002	7	1
473	2002	7	1
474	2002	7	1
475	2002	7	1
476	2002	6	1
477	2002	6	1
478	2002	6	1
479	2002	6	1
480	2002	6	1
481	2002	6	1
482	2002	6	1
483	2002	6	1
484	2002	6	1
485	2002	6	1
486	2002	3	1
487	2002	3	1
488	2002	3	1
489	2002	3	1
490	2002	5	1
491	2002	5	1
492	2002	5	1
493	2002	5	1
494	2002	5	1
495	2002	5	1
496	2002	5	1
497	2002	5	1
498	2002	5	1
499	2002	5	1
500	2002	5	1
501	2002	5	1
502	2002	5	1
503	2002	5	1
504	2002	5	1
505	2002	5	1
506	2002	5	1
507	2002	5	1
508	2002	11	1
509	2002	11	1
510	2002	11	1
511	2002	11	1
512	2002	11	1
513	2002	11	1
514	2002	11	1
515	2002	10	1
516	2002	10	1
517	2002	10	1
518	2002	10	1
519	2002	10	1
520	2002	10	1
521	2002	10	1
522	2002	10	1
523	2002	10	1
524	2002	10	1
525	2002	10	1
526	2002	10	1
527	2002	9	1
528	2002	9	1
529	2002	9	1
530	2002	9	1
531	2002	9	1
532	2002	9	1
533	2002	9	1
534	2002	9	1
535	2002	9	1
536	2002	9	1
537	2002	9	1
538	2002	9	1
539	2002	9	1
540	2002	9	1
541	2002	9	1
542	2002	9	1
543	2003	4	1
544	2003	4	1
545	2003	4	1
546	2003	4	1
547	2003	4	1
548	2003	4	1
549	2003	8	1
550	2003	8	1
551	2003	8	1
552	2003	8	1
553	2003	8	1
554	2003	12	1
555	2003	12	1
556	2003	12	1
557	2003	12	1
558	2003	12	1
559	2003	12	1
560	2003	12	1
561	2003	12	1
562	2003	12	1
563	2003	12	1
564	2003	12	1
565	2003	12	1
566	2003	2	1
567	2003	2	1
568	2003	2	1
569	2003	2	1
570	2003	2	1
571	2003	2	1
572	2003	2	1
573	2003	2	1
574	2003	2	1
575	2003	2	1
576	2003	2	1
577	2003	2	1
578	2003	2	1
579	2003	2	1
580	2003	2	1
581	2003	1	1
582	2003	1	1
583	2003	1	1
584	2003	1	1
585	2003	1	1
586	2003	1	1
587	2003	7	1
588	2003	7	1
589	2003	7	1
590	2003	6	1
591	2003	6	1
592	2003	6	1
593	2003	6	1
594	2003	6	1
595	2003	6	1
596	2003	6	1
597	2003	6	1
598	2003	6	1
599	2003	6	1
600	2003	6	1
601	2003	6	1
602	2003	6	1
603	2003	6	1
604	2003	6	1
605	2003	6	1
606	2003	6	1
607	2003	6	1
608	2003	6	1
609	2003	6	1
610	2003	6	1
611	2003	6	1
612	2003	6	1
613	2003	6	1
614	2003	6	1
615	2003	6	1
616	2003	6	1
617	2003	6	1
618	2003	6	1
619	2003	6	1
620	2003	6	1
621	2003	6	1
622	2003	6	1
623	2003	6	1
624	2003	6	1
625	2003	6	1
626	2003	6	1
627	2003	6	1
628	2003	6	1
629	2003	6	1
630	2003	6	1
631	2003	6	1
632	2003	6	1
633	2003	6	1
634	2003	6	1
635	2003	6	1
636	2003	6	1
637	2003	6	1
638	2003	6	1
639	2003	6	1
640	2003	6	1
641	2003	6	1
642	2003	6	1
643	2003	6	1
644	2003	6	1
645	2003	6	1
646	2003	6	1
647	2003	6	1
648	2003	6	1
649	2003	6	1
650	2003	6	1
651	2003	3	1
652	2003	3	1
653	2003	3	1
654	2003	3	1
655	2003	3	1
656	2003	3	1
657	2003	3	1
658	2003	3	1
659	2003	3	1
660	2003	3	1
661	2003	3	1
662	2003	5	1
663	2003	5	1
664	2003	5	1
665	2003	5	1
666	2003	5	1
667	2003	5	1
668	2003	5	1
669	2003	5	1
670	2003	5	1
671	2003	5	1
672	2003	11	1
673	2003	11	1
674	2003	11	1
675	2003	11	1
676	2003	11	1
677	2003	11	1
678	2003	11	1
679	2003	11	1
680	2003	11	1
681	2003	11	1
682	2003	11	1
683	2003	11	1
684	2003	11	1
685	2003	11	1
686	2003	11	1
687	2003	11	1
688	2003	11	1
689	2003	10	1
690	2003	10	1
691	2003	10	1
692	2003	10	1
693	2003	10	1
694	2003	10	1
695	2003	10	1
696	2003	10	1
697	2003	9	1
698	2003	9	1
699	2003	9	1
700	2003	9	1
701	2003	9	1
702	2003	9	1
703	2003	9	1
704	2004	4	1
705	2004	4	1
706	2004	4	1
707	2004	4	1
708	2004	4	1
709	2004	4	1
710	2004	4	1
711	2004	4	1
712	2004	4	1
713	2004	4	1
714	2004	4	1
715	2004	4	1
716	2004	4	1
717	2004	4	1
718	2004	8	1
719	2004	8	1
720	2004	8	1
721	2004	8	1
722	2004	8	1
723	2004	8	1
724	2004	8	1
725	2004	8	1
726	2004	8	1
727	2004	8	1
728	2004	8	1
729	2004	8	1
730	2004	8	1
731	2004	8	1
732	2004	8	1
733	2004	8	1
734	2004	8	1
735	2004	8	1
736	2004	12	1
737	2004	12	1
738	2004	12	1
739	2004	12	1
740	2004	12	1
741	2004	12	1
742	2004	12	1
743	2004	12	1
744	2004	12	1
745	2004	12	1
746	2004	12	1
747	2004	12	1
748	2004	12	1
749	2004	12	1
750	2004	12	1
751	2004	12	1
752	2004	12	1
753	2004	12	1
754	2004	12	1
755	2004	12	1
756	2004	12	1
757	2004	12	1
758	2004	12	1
759	2004	12	1
760	2004	12	1
761	2004	12	1
762	2004	12	1
763	2004	12	1
764	2004	12	1
765	2004	12	1
766	2004	12	1
767	2004	12	1
768	2004	12	1
769	2004	12	1
770	2004	12	1
771	2004	12	1
772	2004	12	1
773	2004	12	1
774	2004	12	1
775	2004	12	1
776	2004	12	1
777	2004	12	1
778	2004	12	1
779	2004	12	1
780	2004	12	1
781	2004	12	1
782	2004	12	1
783	2004	12	1
784	2004	12	1
785	2004	12	1
786	2004	12	1
787	2004	12	1
788	2004	12	1
789	2004	12	1
790	2004	12	1
791	2004	12	1
792	2004	12	1
793	2004	12	1
794	2004	2	1
795	2004	2	1
796	2004	2	1
797	2004	2	1
798	2004	2	1
799	2004	2	1
800	2004	2	1
801	2004	2	1
802	2004	2	1
803	2004	2	1
804	2004	2	1
805	2004	2	1
806	2004	2	1
807	2004	2	1
808	2004	2	1
809	2004	1	1
810	2004	1	1
811	2004	1	1
812	2004	1	1
813	2004	1	1
814	2004	1	1
815	2004	1	1
816	2004	1	1
817	2004	1	1
818	2004	1	1
819	2004	1	1
820	2004	7	1
821	2004	7	1
822	2004	7	1
823	2004	7	1
824	2004	7	1
825	2004	7	1
826	2004	7	1
827	2004	7	1
828	2004	7	1
829	2004	7	1
830	2004	7	1
831	2004	7	1
832	2004	7	1
833	2004	7	1
834	2004	7	1
835	2004	7	1
836	2004	7	1
837	2004	6	1
838	2004	6	1
839	2004	6	1
840	2004	6	1
841	2004	6	1
842	2004	6	1
843	2004	6	1
844	2004	6	1
845	2004	6	1
846	2004	6	1
847	2004	6	1
848	2004	6	1
849	2004	6	1
850	2004	6	1
851	2004	6	1
852	2004	6	1
853	2004	6	1
854	2004	6	1
855	2004	6	1
856	2004	6	1
857	2004	3	1
858	2004	3	1
859	2004	3	1
860	2004	3	1
861	2004	3	1
862	2004	3	1
863	2004	3	1
864	2004	3	1
865	2004	3	1
866	2004	3	1
867	2004	3	1
868	2004	3	1
869	2004	3	1
870	2004	5	1
871	2004	5	1
872	2004	5	1
873	2004	5	1
874	2004	5	1
875	2004	5	1
876	2004	5	1
877	2004	5	1
878	2004	5	1
879	2004	5	1
880	2004	5	1
881	2004	5	1
882	2004	11	1
883	2004	11	1
884	2004	11	1
885	2004	11	1
886	2004	11	1
887	2004	11	1
888	2004	11	1
889	2004	11	1
890	2004	11	1
891	2004	11	1
892	2004	11	1
893	2004	11	1
894	2004	11	1
895	2004	11	1
896	2004	11	1
897	2004	11	1
898	2004	11	1
899	2004	11	1
900	2004	11	1
901	2004	11	1
902	2004	11	1
903	2004	10	1
904	2004	10	1
905	2004	10	1
906	2004	10	1
907	2004	10	1
908	2004	10	1
909	2004	10	1
910	2004	10	1
911	2004	10	1
912	2004	10	1
913	2004	10	1
914	2004	9	1
915	2004	9	1
916	2004	9	1
917	2004	9	1
918	2004	9	1
919	2004	9	1
920	2004	9	1
921	2004	9	1
922	2004	9	1
923	2004	9	1
924	2004	9	1
925	2005	4	1
926	2005	4	1
927	2005	4	1
928	2005	4	1
929	2005	4	1
930	2005	4	1
931	2005	4	1
932	2005	4	1
933	2005	4	1
934	2005	4	1
935	2005	4	1
936	2005	4	1
937	2005	4	1
938	2005	4	1
939	2005	4	1
940	2005	8	1
941	2005	8	1
942	2005	8	1
943	2005	8	1
944	2005	8	1
945	2005	8	1
946	2005	8	1
947	2005	8	1
948	2005	8	1
949	2005	8	1
950	2005	8	1
951	2005	8	1
952	2005	8	1
953	2005	8	1
954	2005	8	1
955	2005	8	1
956	2005	8	1
957	2005	8	1
958	2005	8	1
959	2005	8	1
960	2005	8	1
961	2005	8	1
962	2005	8	1
963	2005	8	1
964	2005	8	1
965	2005	8	1
966	2005	8	1
967	2005	8	1
968	2005	8	1
969	2005	12	1
970	2005	12	1
971	2005	12	1
972	2005	12	1
973	2005	12	1
974	2005	2	1
975	2005	2	1
976	2005	2	1
977	2005	2	1
978	2005	2	1
979	2005	2	1
980	2005	2	1
981	2005	2	1
982	2005	2	1
983	2005	2	1
984	2005	1	1
985	2005	1	1
986	2005	1	1
987	2005	1	1
988	2005	1	1
989	2005	1	1
990	2005	1	1
991	2005	1	1
992	2005	1	1
993	2005	1	1
994	2005	1	1
995	2005	1	1
996	2005	1	1
997	2005	1	1
998	2005	1	1
999	2005	1	1
1000	2005	1	1
1001	2005	1	1
1002	2005	7	1
1003	2005	7	1
1004	2005	7	1
1005	2005	7	1
1006	2005	7	1
1007	2005	7	1
1008	2005	7	1
1009	2005	6	1
1010	2005	6	1
1011	2005	6	1
1012	2005	6	1
1013	2005	6	1
1014	2005	6	1
1015	2005	6	1
1016	2005	6	1
1017	2005	6	1
1018	2005	6	1
1019	2005	6	1
1020	2005	3	1
1021	2005	3	1
1022	2005	3	1
1023	2005	3	1
1024	2005	3	1
1025	2005	3	1
1026	2005	3	1
1027	2005	3	1
1028	2005	3	1
1029	2005	3	1
1030	2005	3	1
1031	2005	3	1
1032	2005	3	1
1033	2005	3	1
1034	2005	3	1
1035	2005	3	1
1036	2005	3	1
1037	2005	3	1
1038	2005	3	1
1039	2005	3	1
1040	2005	3	1
1041	2005	3	1
1042	2005	3	1
1043	2005	3	1
1044	2005	3	1
1045	2005	3	1
1046	2005	3	1
1047	2005	5	1
1048	2005	5	1
1049	2005	5	1
1050	2005	5	1
1051	2005	5	1
1052	2005	5	1
1053	2005	5	1
1054	2005	5	1
1055	2005	5	1
1056	2005	5	1
1057	2005	5	1
1058	2005	5	1
1059	2005	5	1
1060	2005	5	1
1061	2005	5	1
1062	2005	5	1
1063	2005	11	1
1064	2005	11	1
1065	2005	11	1
1066	2005	11	1
1067	2005	11	1
1068	2005	11	1
1069	2005	11	1
1070	2005	10	1
1071	2005	10	1
1072	2005	10	1
1073	2005	10	1
1074	2005	10	1
1075	2005	10	1
1076	2005	10	1
1077	2005	10	1
1078	2005	10	1
1079	2005	10	1
1080	2005	9	1
1081	2005	9	1
1082	2005	9	1
1083	2005	9	1
1084	2005	9	1
1085	2005	9	1
1086	2005	9	1
1087	2005	9	1
1088	2005	9	1
1089	2005	9	1
1090	2005	9	1
1091	2005	9	1
1092	2005	9	1
1093	2005	9	1
1094	2005	9	1
1095	2005	9	1
1096	2005	9	1
1097	2005	9	1
1098	2005	9	1
1099	2005	9	1
1100	2005	9	1
1101	2006	4	1
1102	2006	4	1
1103	2006	4	1
1104	2006	4	1
1105	2006	4	1
1106	2006	4	1
1107	2006	4	1
1108	2006	4	1
1109	2006	8	1
1110	2006	8	1
1111	2006	8	1
1112	2006	8	1
1113	2006	8	1
1114	2006	8	1
1115	2006	8	1
1116	2006	8	1
1117	2006	8	1
1118	2006	8	1
1119	2006	8	1
1120	2006	8	1
1121	2006	12	1
1122	2006	12	1
1123	2006	12	1
1124	2006	12	1
1125	2006	12	1
1126	2006	12	1
1127	2006	12	1
1128	2006	12	1
1129	2006	2	1
1130	2006	2	1
1131	2006	2	1
1132	2006	2	1
1133	2006	2	1
1134	2006	2	1
1135	2006	2	1
1136	2006	2	1
1137	2006	2	1
1138	2006	2	1
1139	2006	2	1
1140	2006	2	1
1141	2006	2	1
1142	2006	2	1
1143	2006	2	1
1144	2006	1	1
1145	2006	1	1
1146	2006	1	1
1147	2006	1	1
1148	2006	1	1
1149	2006	1	1
1150	2006	1	1
1151	2006	1	1
1152	2006	1	1
1153	2006	1	1
1154	2006	1	1
1155	2006	1	1
1156	2006	1	1
1157	2006	1	1
1158	2006	1	1
1159	2006	1	1
1160	2006	1	1
1161	2006	7	1
1162	2006	7	1
1163	2006	7	1
1164	2006	7	1
1165	2006	7	1
1166	2006	7	1
1167	2006	7	1
1168	2006	7	1
1169	2006	7	1
1170	2006	7	1
1171	2006	7	1
1172	2006	7	1
1173	2006	7	1
1174	2006	7	1
1175	2006	7	1
1176	2006	7	1
1177	2006	7	1
1178	2006	7	1
1179	2006	7	1
1180	2006	7	1
1181	2006	7	1
1182	2006	7	1
1183	2006	7	1
1184	2006	7	1
1185	2006	7	1
1186	2006	6	1
1187	2006	6	1
1188	2006	6	1
1189	2006	6	1
1190	2006	6	1
1191	2006	6	1
1192	2006	6	1
1193	2006	6	1
1194	2006	6	1
1195	2006	6	1
1196	2006	6	1
1197	2006	6	1
1198	2006	3	1
1199	2006	3	1
1200	2006	3	1
1201	2006	3	1
1202	2006	3	1
1203	2006	3	1
1204	2006	3	1
1205	2006	3	1
1206	2006	3	1
1207	2006	3	1
1208	2006	3	1
1209	2006	3	1
1210	2006	3	1
1211	2006	3	1
1212	2006	3	1
1213	2006	3	1
1214	2006	3	1
1215	2006	3	1
1216	2006	5	1
1217	2006	5	1
1218	2006	5	1
1219	2006	5	1
1220	2006	5	1
1221	2006	5	1
1222	2006	5	1
1223	2006	5	1
1224	2006	5	1
1225	2006	5	1
1226	2006	5	1
1227	2006	5	1
1228	2006	5	1
1229	2006	5	1
1230	2006	5	1
1231	2006	5	1
1232	2006	5	1
1233	2006	5	1
1234	2006	5	1
1235	2006	5	1
1236	2006	5	1
1237	2006	5	1
1238	2006	5	1
1239	2006	5	1
1240	2006	5	1
1241	2006	5	1
1242	2006	11	1
1243	2006	11	1
1244	2006	11	1
1245	2006	11	1
1246	2006	11	1
1247	2006	11	1
1248	2006	11	1
1249	2006	11	1
1250	2006	11	1
1251	2006	11	1
1252	2006	11	1
1253	2006	11	1
1254	2006	11	1
1255	2006	11	1
1256	2006	11	1
1257	2006	10	1
1258	2006	10	1
1259	2006	10	1
1260	2006	10	1
1261	2006	10	1
1262	2006	10	1
1263	2006	10	1
1264	2006	10	1
1265	2006	10	1
1266	2006	10	1
1267	2006	10	1
1268	2006	10	1
1269	2006	10	1
1270	2006	10	1
1271	2006	10	1
1272	2006	10	1
1273	2006	10	1
1274	2006	10	1
1275	2006	10	1
1276	2006	10	1
1277	2006	10	1
1278	2006	10	1
1279	2006	10	1
1280	2006	10	1
1281	2006	10	1
1282	2006	10	1
1283	2006	10	1
1284	2006	10	1
1285	2006	10	1
1286	2006	10	1
1287	2006	10	1
1288	2006	10	1
1289	2006	10	1
1290	2006	10	1
1291	2006	10	1
1292	2006	9	1
1293	2006	9	1
1294	2006	9	1
1295	2006	9	1
1296	2006	9	1
1297	2006	9	1
1298	2006	9	1
1299	2006	9	1
1300	2006	9	1
1301	2006	9	1
1302	2006	9	1
1303	2006	9	1
1304	2006	9	1
1305	2007	4	1
1306	2007	4	1
1307	2007	4	1
1308	2007	4	1
1309	2007	4	1
1310	2007	4	1
1311	2007	4	1
1312	2007	4	1
1313	2007	4	1
1314	2007	4	1
1315	2007	4	1
1316	2007	4	1
1317	2007	4	1
1318	2007	4	1
1319	2007	4	1
1320	2007	4	1
1321	2007	4	1
1322	2007	4	1
1323	2007	4	1
1324	2007	4	1
1325	2007	4	1
1326	2007	4	1
1327	2007	4	1
1328	2007	8	1
1329	2007	8	1
1330	2007	8	1
1331	2007	8	1
1332	2007	8	1
1333	2007	8	1
1334	2007	8	1
1335	2007	8	1
1336	2007	8	1
1337	2007	8	1
1338	2007	8	1
1339	2007	8	1
1340	2007	8	1
1341	2007	8	1
1342	2007	8	1
1343	2007	8	1
1344	2007	8	1
1345	2007	8	1
1346	2007	8	1
1347	2007	8	1
1348	2007	8	1
1349	2007	8	1
1350	2007	8	1
1351	2007	8	1
1352	2007	8	1
1353	2007	8	1
1354	2007	8	1
1355	2007	8	1
1356	2007	8	1
1357	2007	8	1
1358	2007	8	1
1359	2007	8	1
1360	2007	8	1
1361	2007	8	1
1362	2007	8	1
1363	2007	8	1
1364	2007	8	1
1365	2007	8	1
1366	2007	8	1
1367	2007	8	1
1368	2007	8	1
1369	2007	8	1
1370	2007	8	1
1371	2007	8	1
1372	2007	8	1
1373	2007	8	1
1374	2007	8	1
1375	2007	8	1
1376	2007	8	1
1377	2007	12	1
1378	2007	12	1
1379	2007	12	1
1380	2007	12	1
1381	2007	12	1
1382	2007	12	1
1383	2007	12	1
1384	2007	12	1
1385	2007	12	1
1386	2007	12	1
1387	2007	2	1
1388	2007	2	1
1389	2007	2	1
1390	2007	2	1
1391	2007	2	1
1392	2007	2	1
1393	2007	2	1
1394	2007	2	1
1395	2007	1	1
1396	2007	1	1
1397	2007	1	1
1398	2007	1	1
1399	2007	1	1
1400	2007	1	1
1401	2007	1	1
1402	2007	1	1
1403	2007	1	1
1404	2007	1	1
1405	2007	1	1
1406	2007	1	1
1407	2007	1	1
1408	2007	1	1
1409	2007	1	1
1410	2007	1	1
1411	2007	1	1
1412	2007	1	1
1413	2007	1	1
1414	2007	1	1
1415	2007	1	1
1416	2007	1	1
1417	2007	1	1
1418	2007	1	1
1419	2007	1	1
1420	2007	1	1
1421	2007	1	1
1422	2007	1	1
1423	2007	1	1
1424	2007	1	1
1425	2007	1	1
1426	2007	1	1
1427	2007	1	1
1428	2007	1	1
1429	2007	1	1
1430	2007	1	1
1431	2007	1	1
1432	2007	1	1
1433	2007	1	1
1434	2007	1	1
1435	2007	1	1
1436	2007	1	1
1437	2007	1	1
1438	2007	7	1
1439	2007	7	1
1440	2007	7	1
1441	2007	7	1
1442	2007	7	1
1443	2007	7	1
1444	2007	7	1
1445	2007	7	1
1446	2007	7	1
1447	2007	7	1
1448	2007	7	1
1449	2007	7	1
1450	2007	7	1
1451	2007	7	1
1452	2007	7	1
1453	2007	7	1
1454	2007	7	1
1455	2007	7	1
1456	2007	7	1
1457	2007	7	1
1458	2007	7	1
1459	2007	7	1
1460	2007	7	1
1461	2007	7	1
1462	2007	6	1
1463	2007	6	1
1464	2007	6	1
1465	2007	6	1
1466	2007	6	1
1467	2007	6	1
1468	2007	6	1
1469	2007	6	1
1470	2007	6	1
1471	2007	6	1
1472	2007	6	1
1473	2007	6	1
1474	2007	6	1
1475	2007	3	1
1476	2007	3	1
1477	2007	3	1
1478	2007	3	1
1479	2007	3	1
1480	2007	3	1
1481	2007	3	1
1482	2007	3	1
1483	2007	3	1
1484	2007	3	1
1485	2007	3	1
1486	2007	3	1
1487	2007	3	1
1488	2007	3	1
1489	2007	3	1
1490	2007	3	1
1491	2007	3	1
1492	2007	3	1
1493	2007	3	1
1494	2007	3	1
1495	2007	3	1
1496	2007	3	1
1497	2007	3	1
1498	2007	3	1
1499	2007	5	1
1500	2007	5	1
1501	2007	5	1
1502	2007	5	1
1503	2007	5	1
1504	2007	5	1
1505	2007	5	1
1506	2007	5	1
1507	2007	5	1
1508	2007	5	1
1509	2007	5	1
1510	2007	5	1
1511	2007	5	1
1512	2007	5	1
1513	2007	5	1
1514	2007	5	1
1515	2007	5	1
1516	2007	5	1
1517	2007	11	1
1518	2007	11	1
1519	2007	11	1
1520	2007	11	1
1521	2007	11	1
1522	2007	11	1
1523	2007	11	1
1524	2007	11	1
1525	2007	11	1
1526	2007	11	1
1527	2007	11	1
1528	2007	11	1
1529	2007	11	1
1530	2007	11	1
1531	2007	11	1
1532	2007	11	1
1533	2007	11	1
1534	2007	10	1
1535	2007	10	1
1536	2007	10	1
1537	2007	10	1
1538	2007	10	1
1539	2007	10	1
1540	2007	10	1
1541	2007	10	1
1542	2007	10	1
1543	2007	9	1
1544	2007	9	1
1545	2007	9	1
1546	2007	9	1
1547	2007	9	1
1548	2007	9	1
1549	2007	9	1
1550	2007	9	1
1551	2007	9	1
1552	2007	9	1
1553	2007	9	1
1554	2007	9	1
1555	2007	9	1
1556	2007	9	1
1557	2007	9	1
1558	2007	9	1
1559	2007	9	1
1560	2007	9	1
1561	2007	9	1
1562	2007	9	1
1563	2007	9	1
1564	2007	9	1
1565	2007	9	1
1566	2007	9	1
1567	2007	9	1
1568	2007	9	1
1569	2007	9	1
1570	2007	9	1
1571	2007	9	1
1572	2007	9	1
1573	2007	9	1
1574	2007	9	1
1575	2007	9	1
1576	2008	4	1
1577	2008	4	1
1578	2008	4	1
1579	2008	4	1
1580	2008	4	1
1581	2008	4	1
1582	2008	4	1
1583	2008	8	1
1584	2008	8	1
1585	2008	8	1
1586	2008	8	1
1587	2008	8	1
1588	2008	12	1
1589	2008	12	1
1590	2008	12	1
1591	2008	12	1
1592	2008	12	1
1593	2008	12	1
1594	2008	12	1
1595	2008	12	1
1596	2008	12	1
1597	2008	2	1
1598	2008	2	1
1599	2008	2	1
1600	2008	2	1
1601	2008	2	1
1602	2008	2	1
1603	2008	2	1
1604	2008	2	1
1605	2008	2	1
1606	2008	2	1
1607	2008	2	1
1608	2008	2	1
1609	2008	2	1
1610	2008	2	1
1611	2008	1	1
1612	2008	1	1
1613	2008	1	1
1614	2008	1	1
1615	2008	1	1
1616	2008	1	1
1617	2008	1	1
1618	2008	1	1
1619	2008	1	1
1620	2008	1	1
1621	2008	1	1
1622	2008	1	1
1623	2008	1	1
1624	2008	1	1
1625	2008	1	1
1626	2008	1	1
1627	2008	1	1
1628	2008	1	1
1629	2008	1	1
1630	2008	1	1
1631	2008	1	1
1632	2008	1	1
1633	2008	1	1
1634	2008	7	1
1635	2008	7	1
1636	2008	7	1
1637	2008	7	1
1638	2008	7	1
1639	2008	7	1
1640	2008	7	1
1641	2008	7	1
1642	2008	7	1
1643	2008	7	1
1644	2008	7	1
1645	2008	7	1
1646	2008	7	1
1647	2008	7	1
1648	2008	7	1
1649	2008	6	1
1650	2008	6	1
1651	2008	6	1
1652	2008	6	1
1653	2008	6	1
1654	2008	6	1
1655	2008	6	1
1656	2008	6	1
1657	2008	6	1
1658	2008	6	1
1659	2008	6	1
1660	2008	6	1
1661	2008	6	1
1662	2008	6	1
1663	2008	6	1
1664	2008	6	1
1665	2008	6	1
1666	2008	6	1
1667	2008	6	1
1668	2008	6	1
1669	2008	6	1
1670	2008	6	1
1671	2008	6	1
1672	2008	6	1
1673	2008	6	1
1674	2008	6	1
1675	2008	6	1
1676	2008	3	1
1677	2008	3	1
1678	2008	3	1
1679	2008	3	1
1680	2008	3	1
1681	2008	3	1
1682	2008	3	1
1683	2008	3	1
1684	2008	3	1
1685	2008	3	1
1686	2008	3	1
1687	2008	3	1
1688	2008	3	1
1689	2008	3	1
1690	2008	3	1
1691	2008	3	1
1692	2008	3	1
1693	2008	5	1
1694	2008	5	1
1695	2008	5	1
1696	2008	5	1
1697	2008	5	1
1698	2008	5	1
1699	2008	5	1
1700	2008	5	1
1701	2008	5	1
1702	2008	5	1
1703	2008	5	1
1704	2008	5	1
1705	2008	5	1
1706	2008	5	1
1707	2008	5	1
1708	2008	5	1
1709	2008	11	1
1710	2008	11	1
1711	2008	11	1
1712	2008	11	1
1713	2008	11	1
1714	2008	11	1
1715	2008	11	1
1716	2008	11	1
1717	2008	11	1
1718	2008	11	1
1719	2008	11	1
1720	2008	10	1
1721	2008	10	1
1722	2008	10	1
1723	2008	10	1
1724	2008	10	1
1725	2008	10	1
1726	2008	10	1
1727	2008	10	1
1728	2008	10	1
1729	2008	10	1
1730	2008	10	1
1731	2008	10	1
1732	2008	10	1
1733	2008	10	1
1734	2008	10	1
1735	2008	10	1
1736	2008	9	1
1737	2008	9	1
1738	2008	9	1
1739	2008	9	1
1740	2008	9	1
1741	2008	9	1
1742	2008	9	1
1743	2008	9	1
1744	2008	9	1
1745	2008	9	1
1746	2008	9	1
1747	2008	9	1
1748	2008	9	1
1749	2008	9	1
1750	2008	9	1
1751	2008	9	1
1752	2008	9	1
1753	2008	9	1
1754	2008	9	1
1755	2008	9	1
1756	2009	4	1
1757	2009	4	1
1758	2009	4	1
1759	2009	4	1
1760	2009	4	1
1761	2009	4	1
1762	2009	4	1
1763	2009	4	1
1764	2009	4	1
1765	2009	4	1
1766	2009	4	1
1767	2009	4	1
1768	2009	4	1
1769	2009	8	1
1770	2009	8	1
1771	2009	8	1
1772	2009	8	1
1773	2009	8	1
1774	2009	8	1
1775	2009	8	1
1776	2009	8	1
1777	2009	12	1
1778	2009	12	1
1779	2009	12	1
1780	2009	12	1
1781	2009	12	1
1782	2009	12	1
1783	2009	12	1
1784	2009	12	1
1785	2009	12	1
1786	2009	12	1
1787	2009	2	1
1788	2009	2	1
1789	2009	2	1
1790	2009	2	1
1791	2009	2	1
1792	2009	2	1
1793	2009	2	1
1794	2009	2	1
1795	2009	2	1
1796	2009	2	1
1797	2009	2	1
1798	2009	1	1
1799	2009	1	1
1800	2009	1	1
1801	2009	1	1
1802	2009	1	1
1803	2009	1	1
1804	2009	1	1
1805	2009	1	1
1806	2009	1	1
1807	2009	1	1
1808	2009	1	1
1809	2009	7	1
1810	2009	7	1
1811	2009	7	1
1812	2009	7	1
1813	2009	7	1
1814	2009	7	1
1815	2009	7	1
1816	2009	6	1
1817	2009	6	1
1818	2009	6	1
1819	2009	6	1
1820	2009	6	1
1821	2009	6	1
1822	2009	6	1
1823	2009	6	1
1824	2009	6	1
1825	2009	6	1
1826	2009	6	1
1827	2009	3	1
1828	2009	3	1
1829	2009	3	1
1830	2009	3	1
1831	2009	3	1
1832	2009	3	1
1833	2009	3	1
1834	2009	3	1
1835	2009	3	1
1836	2009	3	1
1837	2009	3	1
1838	2009	3	1
1839	2009	3	1
1840	2009	3	1
1841	2009	3	1
1842	2009	3	1
1843	2009	3	1
1844	2009	5	1
1845	2009	5	1
1846	2009	5	1
1847	2009	5	1
1848	2009	5	1
1849	2009	5	1
1850	2009	5	1
1851	2009	11	1
1852	2009	11	1
1853	2009	11	1
1854	2009	11	1
1855	2009	11	1
1856	2009	11	1
1857	2009	11	1
1858	2009	11	1
1859	2009	11	1
1860	2009	11	1
1861	2009	11	1
1862	2009	10	1
1863	2009	10	1
1864	2009	10	1
1865	2009	10	1
1866	2009	10	1
1867	2009	10	1
1868	2009	10	1
1869	2009	10	1
1870	2009	10	1
1871	2009	10	1
1872	2009	10	1
1873	2009	10	1
1874	2009	10	1
1875	2009	10	1
1876	2009	10	1
1877	2009	10	1
1878	2009	10	1
1879	2009	10	10
1880	2009	10	10
1881	2009	9	1
1882	2009	9	1
1883	2009	9	1
1884	2009	9	1
1885	2009	9	1
1886	2009	9	1
1887	2009	9	1
1888	2009	9	1
1889	2009	9	1
1890	2009	9	1
1891	2009	9	1
1892	2009	9	1
1893	2009	9	1
1894	2009	9	1
1895	2009	9	1
1896	2009	9	1
1897	2009	9	1
1898	2009	9	1
1899	2009	9	1
1900	2010	4	1
1901	2010	4	1
1902	2010	4	1
1903	2010	4	1
1904	2010	4	1
1905	2010	4	1
1906	2010	4	1
1907	2010	4	1
1908	2010	4	1
1909	2010	4	1
1910	2010	4	1
1911	2010	4	1
1912	2010	4	1
1913	2010	4	1
1914	2010	4	1
1915	2010	4	1
1916	2010	4	1
1917	2010	8	1
1918	2010	8	1
1919	2010	8	1
1920	2010	8	1
1921	2010	8	1
1922	2010	8	1
1923	2010	8	1
1924	2010	8	1
1925	2010	2	1
1926	2010	2	1
1927	2010	2	1
1928	2010	2	1
1929	2010	2	1
1930	2010	2	1
1931	2010	2	1
1932	2010	2	1
1933	2010	1	1
1934	2010	1	1
1935	2010	1	1
1936	2010	1	1
1937	2010	1	1
1938	2010	1	1
1939	2010	1	1
1940	2010	1	1
1941	2010	1	1
1942	2010	1	1
1943	2010	1	1
1944	2010	1	1
1945	2010	1	1
1946	2010	1	1
1947	2010	1	1
1948	2010	1	1
1949	2010	1	1
1950	2010	1	1
1951	2010	1	1
1952	2010	1	1
1953	2010	7	1
1954	2010	7	1
1955	2010	7	1
1956	2010	7	1
1957	2010	7	1
1958	2010	7	1
1959	2010	7	1
1960	2010	7	1
1961	2010	7	1
1962	2010	7	1
1963	2010	7	1
1964	2010	7	1
1965	2010	7	1
1966	2010	7	1
1967	2010	7	1
1968	2010	7	1
1969	2010	6	1
1970	2010	6	1
1971	2010	6	1
1972	2010	6	1
1973	2010	6	1
1974	2010	6	1
1975	2010	6	1
1976	2010	6	1
1977	2010	6	1
1978	2010	3	1
1979	2010	3	1
1980	2010	3	1
1981	2010	3	1
1982	2010	3	1
1983	2010	3	1
1984	2010	3	1
1985	2010	3	1
1986	2010	3	1
1987	2010	3	1
1988	2010	3	1
1989	2010	3	1
1990	2010	3	1
1991	2010	5	1
1992	2010	5	1
1993	2010	5	1
1994	2010	5	1
1995	2010	5	1
1996	2010	5	1
1997	2010	9	1
1998	2010	9	1
1999	2010	9	1
2000	2010	9	1
2001	2010	9	1
2002	2010	9	1
2003	2010	9	1
2004	2010	9	1
2005	2010	9	1
2006	2010	9	1
2007	2010	9	1
2008	2010	9	1
2009	2010	9	1
2010	2010	9	1
2011	2010	9	1
